first_name,last_name,gender,birth_date,parent,city,address,student_email,parent_email,group,math_t1_1,math_t1_2,math_t1_3,math_t1_end,math_t2_1,math_t2_2,math_t2_3,math_t2_end,math_year,physics_t1_1,physics_t1_2,physics_t1_3,physics_t1_end,physics_t2_1,physics_t2_2,physics_t2_3,physics_t2_end,physics_year,chemistry_t1_1,chemistry_t1_2,chemistry_t1_3,chemistry_t1_end,chemistry_t2_1,chemistry_t2_2,chemistry_t2_3,chemistry_t2_end,chemistry_year,biology_t1_1,biology_t1_2,biology_t1_3,biology_t1_end,biology_t2_1,biology_t2_2,biology_t2_3,biology_t2_end,biology_year,english_t1_1,english_t1_2,english_t1_3,english_t1_end,english_t2_1,english_t2_2,english_t2_3,english_t2_end,english_year,history_t1_1,history_t1_2,history_t1_3,history_t1_end,history_t2_1,history_t2_2,history_t2_3,history_t2_end,history_year,geography_t1_1,geography_t1_2,geography_t1_3,geography_t1_end,geography_t2_1,geography_t2_2,geography_t2_3,geography_t2_end,geography_year,literature_t1_1,literature_t1_2,literature_t1_3,literature_t1_end,literature_t2_1,literature_t2_2,literature_t2_3,literature_t2_end,literature_year,sport_t1_1,sport_t1_2,sport_t1_3,sport_t1_end,sport_t2_1,sport_t2_2,sport_t2_3,sport_t2_end,sport_year,it_t1_1,it_t1_2,it_t1_3,it_t1_end,it_t2_1,it_t2_2,it_t2_3,it_t2_end,it_year
Abigail,Thompson,Female,2010-10-18,Deborah Thompson,Austin,901 Elm St,abigail.thompson@example.com,deborah.thompson@example.com,group_a,6,5,4,5,3,4,5,4,4.5,4,3,5,4,6,5,4,5,4.5,5,4,5,5,4,4,6,5,5.0,3,3,6,4,3,3,3,3,3.5,5,6,6,6,6,5,3,5,5.5,4,5,3,4,4,4,6,5,4.5,5,3,4,4,6,5,3,5,4.5,5,4,4,5,6,6,3,5,5.0,3,4,4,4,5,4,6,5,4.5,4,4,3,4,4,3,3,4,4.0
Alexander,Martin,Male,2010-10-10,Christopher Martin,Austin,901 Elm St,alexander.martin@example.com,christopher.martin@example.com,group_a,4,4,4,4,4,5,5,5,4.5,5,3,5,5,6,5,3,5,5.0,6,3,6,5,3,5,4,4,4.5,6,5,6,6,3,6,5,5,5.5,5,5,4,5,6,4,5,5,5.0,5,5,4,5,6,6,6,6,5.5,4,3,4,4,5,5,6,6,5.0,5,4,3,4,5,3,3,4,4.0,3,5,6,5,3,3,6,4,4.5,3,6,5,5,4,3,3,4,4.5
Amelia,White,Female,2010-07-19,Karen White,San Antonio,012 Walnut St,amelia.white@example.com,karen.white@example.com,group_a,4,3,5,4,3,3,3,3,3.5,5,4,5,5,3,6,5,5,5.0,3,3,5,4,6,4,6,6,5.0,5,6,6,6,4,5,6,5,5.5,5,4,4,5,5,3,5,5,5.0,3,5,4,4,5,5,3,5,4.5,6,4,3,5,5,5,5,5,5.0,4,4,6,5,3,3,4,4,4.5,6,5,6,6,5,4,5,5,5.5,6,3,6,5,4,3,5,4,4.5
Ava,Taylor,Female,2010-03-25,Linda Taylor,Chicago,789 Oak St,ava.taylor@example.com,linda.taylor@example.com,group_a,3,3,6,4,6,3,5,5,4.5,6,5,4,5,4,4,4,4,4.5,5,3,4,4,5,6,6,6,5.0,3,6,4,5,3,6,4,5,5.0,3,6,4,5,3,3,5,4,4.5,3,3,3,3,5,4,3,4,3.5,6,5,4,5,3,4,3,4,4.5,5,4,5,5,5,4,6,5,5.0,5,3,4,4,4,5,3,4,4.0,4,3,3,4,6,4,3,5,4.5
Benjamin,Jackson,Male,2010-07-22,Benjamin Jackson Sr.,San Antonio,012 Walnut St,benjamin.jackson@example.com,benjamin.jackson.sr@example.com,group_a,3,6,5,5,6,6,4,6,5.5,3,4,4,4,6,5,3,5,4.5,5,3,6,5,5,5,6,6,5.5,4,4,3,4,6,5,5,6,5.0,6,6,6,6,4,6,3,5,5.5,4,4,4,4,6,4,5,5,4.5,6,6,3,5,6,4,3,5,5.0,4,6,5,5,6,5,6,6,5.5,4,5,6,5,5,3,3,4,4.5,3,5,3,4,3,6,5,5,4.5
Elijah,Taylor,Male,2010-04-25,Robert Taylor,Houston,234 Pine St,elijah.taylor@example.com,robert.taylor@example.com,group_a,6,6,4,6,5,5,6,6,6.0,5,4,6,5,3,3,3,3,4.0,4,3,3,4,5,6,3,5,4.5,3,3,6,4,5,6,5,6,5.0,5,6,4,5,4,4,5,5,5.0,5,4,5,5,4,5,4,5,5.0,3,5,4,4,5,3,4,4,4.0,6,3,6,5,4,5,4,5,5.0,4,4,6,5,3,5,4,4,4.5,3,6,5,5,6,3,6,5,5.0
Ella,Garcia,Female,2010-11-12,Cheryl Garcia,San Francisco,234 Pine St,ella.garcia@example.com,cheryl.garcia@example.com,group_a,4,3,5,4,3,4,3,4,4.0,4,3,6,5,4,3,3,4,4.5,6,5,6,6,6,6,3,5,5.5,4,3,5,4,5,5,4,5,4.5,4,4,3,4,6,5,3,5,4.5,4,6,6,6,5,3,3,4,5.0,4,3,3,4,4,4,3,4,4.0,5,4,6,5,4,4,4,4,4.5,6,3,4,5,4,3,5,4,4.5,4,4,5,5,6,4,3,5,5.0
Emma,Wilson,Female,2010-01-05,Elizabeth Wilson,New York,123 Main St,emma.wilson@example.com,elizabeth.wilson@example.com,group_a,5,4,6,5,6,5,4,5,5.0,6,5,5,6,3,4,3,4,5.0,3,6,3,4,5,6,5,6,5.0,6,6,4,6,4,4,3,4,5.0,3,6,4,5,6,4,6,6,5.5,5,6,3,5,6,4,6,6,5.5,5,4,3,4,4,3,4,4,4.0,5,5,4,5,6,4,5,5,5.0,3,3,4,4,6,3,3,4,4.0,6,4,6,6,3,6,5,5,5.5
Ethan,Garcia,Male,2010-12-29,Anthony Garcia,Seattle,567 Oak St,ethan.garcia@example.com,anthony.garcia@example.com,group_a,4,3,5,4,3,6,3,4,4.0,4,4,5,5,4,5,3,4,4.5,3,6,6,5,6,4,4,5,5.0,4,3,3,4,4,6,4,5,4.5,6,5,3,5,3,5,4,4,4.5,3,4,6,5,3,4,6,5,5.0,3,5,5,5,6,6,4,6,5.5,3,3,6,4,3,4,6,5,4.5,3,4,3,4,4,3,3,4,4.0,3,6,3,4,6,5,3,5,4.5
Evelyn,Martin,Female,2010-09-20,Donna Martin,Dallas,678 Spruce St,evelyn.martin@example.com,donna.martin@example.com,group_a,3,4,5,4,5,5,6,6,5.0,4,3,5,4,3,6,5,5,4.5,5,3,3,4,5,3,4,4,4.0,4,4,6,5,3,5,4,4,4.5,4,4,5,5,6,5,5,6,5.5,6,3,6,5,6,6,5,6,5.5,4,4,4,4,3,5,6,5,4.5,4,6,6,6,6,4,4,5,5.5,4,6,5,5,5,6,6,6,5.5,5,6,6,6,6,3,5,5,5.5
Grace,Martinez,Female,2010-12-04,Amy Martinez,Seattle,567 Oak St,grace.martinez@example.com,amy.martinez@example.com,group_a,6,3,6,5,4,4,4,4,4.5,5,4,6,5,4,4,5,5,5.0,5,4,3,4,5,4,5,5,4.5,4,6,3,5,4,3,4,4,4.5,4,4,3,4,3,6,3,4,4.0,6,5,5,6,6,4,3,5,5.5,4,5,4,5,5,4,5,5,5.0,5,5,4,5,4,4,6,5,5.0,6,6,5,6,3,4,5,4,5.0,6,6,3,5,6,5,5,6,5.5
Harper,Harris,Female,2010-08-15,Helen Harris,San Diego,345 Birch St,harper.harris@example.com,helen.harris@example.com,group_a,5,5,4,5,4,5,4,5,5.0,3,6,6,5,3,3,3,3,4.0,4,6,6,6,6,3,3,4,5.0,6,3,4,5,6,4,3,5,5.0,6,4,3,5,5,6,4,5,5.0,5,4,5,5,4,5,3,4,4.5,5,4,5,5,5,3,3,4,4.5,5,4,6,5,4,4,3,4,4.5,3,4,6,5,3,4,3,4,4.5,6,6,4,6,5,3,3,4,5.0
Henry,Harris,Male,2010-09-16,Steven Harris,Dallas,678 Spruce St,henry.harris@example.com,steven.harris@example.com,group_a,6,6,3,5,6,5,5,6,5.5,5,6,4,5,6,6,6,6,5.5,5,6,5,6,3,6,4,5,5.5,5,3,6,5,6,4,4,5,5.0,5,5,6,6,4,5,5,5,5.5,5,6,6,6,6,4,6,6,6.0,3,5,4,4,4,5,3,4,4.0,5,4,5,5,5,5,4,5,5.0,5,6,6,6,5,4,6,5,5.5,5,4,4,5,4,6,6,6,5.5
Isabella,Thomas,Female,2010-05-30,Susan Thomas,Phoenix,567 Maple St,isabella.thomas@example.com,susan.thomas@example.com,group_a,5,6,3,5,3,5,5,5,5.0,5,4,4,5,3,5,5,5,5.0,6,5,4,5,5,4,5,5,5.0,5,5,5,5,5,5,5,5,5.0,5,3,3,4,3,5,5,5,4.5,6,6,6,6,5,6,6,6,6.0,6,5,4,5,4,4,4,4,4.5,4,4,4,4,3,5,4,4,4.0,5,4,5,5,5,5,4,5,5.0,3,6,5,5,6,4,3,5,5.0
Jacob,Martinez,Male,2010-01-01,Joshua Martinez,Boston,890 Maple St,jacob.martinez@example.com,joshua.martinez@example.com,group_a,6,6,3,5,6,4,6,6,5.5,3,6,5,5,5,3,5,5,5.0,6,4,5,5,4,3,3,4,4.5,3,6,3,4,5,6,3,5,4.5,4,4,3,4,5,6,5,6,5.0,5,6,6,6,4,4,4,4,5.0,6,3,3,4,4,4,3,4,4.0,6,6,5,6,3,4,3,4,5.0,6,5,4,5,3,6,3,4,4.5,5,5,6,6,5,3,3,4,5.0
James,Thomas,Male,2010-06-18,Richard Thomas,Philadelphia,890 Cedar St,james.thomas@example.com,richard.thomas@example.com,group_a,4,6,3,5,5,4,4,5,5.0,5,3,3,4,6,3,6,5,4.5,6,5,6,6,4,4,3,4,5.0,5,6,5,6,5,3,3,4,5.0,4,6,3,5,5,6,4,5,5.0,4,5,6,5,6,4,4,5,5.0,5,5,6,6,4,4,5,5,5.5,3,3,5,4,5,3,5,5,4.5,6,6,5,6,4,5,5,5,5.5,6,3,5,5,6,5,5,6,5.5
Liam,Johnson,Male,2010-01-15,David Johnson,New York,123 Main St,liam.johnson@example.com,david.johnson@example.com,group_a,5,5,6,6,6,4,4,5,5.5,3,4,5,4,5,6,4,5,4.5,4,3,5,4,4,4,6,5,4.5,6,6,4,6,3,4,5,4,5.0,5,5,6,6,6,5,4,5,5.5,6,6,3,5,5,3,5,5,5.0,4,3,5,4,5,4,6,5,4.5,5,6,4,5,5,6,6,6,5.5,5,6,6,6,5,4,4,5,5.5,5,3,6,5,5,4,6,5,5.0
Lucas,White,Male,2010-08-08,Daniel White,San Diego,345 Birch St,lucas.white@example.com,daniel.white@example.com,group_a,5,3,4,4,4,5,4,5,4.5,4,6,5,5,6,3,6,5,5.0,3,5,6,5,6,6,5,6,5.5,6,4,4,5,6,5,5,6,5.5,5,3,3,4,4,4,6,5,4.5,4,4,4,4,5,5,6,6,5.0,5,4,5,5,5,6,4,5,5.0,3,5,5,5,3,6,6,5,5.0,4,3,6,5,3,3,3,3,4.0,3,6,4,5,5,3,5,5,5.0
Mia,Jackson,Female,2010-06-05,Nancy Jackson,Philadelphia,890 Cedar St,mia.jackson@example.com,nancy.jackson@example.com,group_a,6,5,3,5,4,3,5,4,4.5,4,5,5,5,6,4,6,6,5.5,5,6,3,5,4,3,6,5,5.0,3,4,6,5,3,3,3,3,4.0,3,4,3,4,4,5,3,4,4.0,3,6,3,4,4,5,4,5,4.5,5,4,5,5,5,6,3,5,5.0,6,4,6,6,4,5,6,5,5.5,5,4,4,5,5,3,3,4,4.5,6,3,4,5,3,6,4,5,5.0
Michael,Thompson,Male,2010-11-04,Matthew Thompson,San Francisco,234 Pine St,michael.thompson@example.com,matthew.thompson@example.com,group_a,3,3,6,4,3,3,5,4,4.0,6,5,6,6,4,5,5,5,5.5,6,5,5,6,3,5,6,5,5.5,6,5,6,6,5,3,5,5,5.5,5,4,5,5,3,5,5,5,5.0,6,6,3,5,6,4,6,6,5.5,6,3,6,5,3,6,3,4,4.5,4,5,6,5,3,6,6,5,5.0,3,6,5,5,3,6,4,5,5.0,4,6,3,5,4,6,6,6,5.5
Noah,Smith,Male,2010-02-20,James Smith,Los Angeles,456 Elm St,noah.smith@example.com,james.smith@example.com,group_a,4,5,4,5,4,6,3,5,5.0,6,3,3,4,3,4,4,4,4.0,6,6,3,5,5,3,3,4,4.5,4,5,5,5,4,5,5,5,5.0,6,5,3,5,4,4,3,4,4.5,4,4,4,4,6,5,3,5,4.5,6,4,6,6,5,4,3,4,5.0,4,4,4,4,4,4,6,5,4.5,4,6,6,6,5,3,6,5,5.5,6,3,5,5,6,3,3,4,4.5
Oliver,Brown,Male,2010-03-30,Michael Brown,Chicago,789 Oak St,oliver.brown@example.com,michael.brown@example.com,group_a,6,4,6,6,3,6,5,5,5.5,3,6,5,5,3,3,5,4,4.5,3,4,4,4,5,5,6,6,5.0,3,4,4,4,5,5,3,5,4.5,6,4,5,5,3,6,5,5,5.0,6,6,3,5,3,3,6,4,4.5,6,5,4,5,5,3,5,5,5.0,3,5,3,4,4,3,3,4,4.0,4,5,6,5,5,3,5,5,5.0,6,4,5,5,3,3,4,4,4.5
Olivia,Moore,Female,2010-02-15,Patricia Moore,Los Angeles,456 Elm St,olivia.moore@example.com,patricia.moore@example.com,group_a,3,6,4,5,5,4,3,4,4.5,5,6,3,5,6,6,3,5,5.0,3,5,3,4,4,6,5,5,4.5,3,3,5,4,4,5,5,5,4.5,6,6,6,6,4,6,3,5,5.5,5,3,6,5,6,6,4,6,5.5,5,3,5,5,4,5,3,4,4.5,5,4,5,5,4,5,5,5,5.0,3,5,3,4,5,3,4,4,4.0,6,5,3,5,3,4,5,4,4.5
Sophia,Anderson,Female,2010-04-10,Barbara Anderson,Houston,234 Pine St,sophia.anderson@example.com,barbara.anderson@example.com,group_a,5,5,6,6,3,5,5,5,5.5,3,3,4,4,5,4,4,5,4.5,6,3,6,5,5,3,5,5,5.0,6,5,4,5,3,3,6,4,4.5,6,4,6,6,3,6,6,5,5.5,3,3,6,4,6,5,4,5,4.5,6,3,6,5,4,5,3,4,4.5,5,5,6,6,3,5,6,5,5.5,4,4,6,5,6,4,3,5,5.0,6,3,4,5,6,3,4,5,5.0
Victoria,Johnson,Female,2010-01-28,Michelle Johnson,Boston,890 Maple St,victoria.johnson@example.com,michelle.johnson@example.com,group_a,5,4,5,5,3,4,5,4,4.5,6,3,5,5,4,5,6,5,5.0,6,4,6,6,3,3,4,4,5.0,5,3,5,5,6,6,4,6,5.5,5,5,3,5,4,4,6,5,5.0,5,3,6,5,4,4,6,5,5.0,5,3,3,4,3,3,4,4,4.0,3,6,5,5,4,3,4,4,4.5,3,5,6,5,4,5,6,5,5.0,3,5,5,5,5,3,4,4,4.5
William,Anderson,Male,2010-05-12,William Anderson Sr.,Phoenix,567 Maple St,william.anderson@example.com,william.anderson.sr@example.com,group_a,4,3,3,4,3,3,6,4,4.0,4,3,5,4,4,6,5,5,4.5,3,3,4,4,5,5,5,5,4.5,6,5,6,6,5,4,6,5,5.5,6,5,6,6,3,5,3,4,5.0,4,5,5,5,5,6,6,6,5.5,3,5,3,4,5,5,3,5,4.5,4,5,6,5,6,6,6,6,5.5,5,6,6,6,3,3,6,4,5.0,6,4,5,5,6,4,4,5,5.0
Aiden,Parker,Male,2010-01-16,George Parker,New York,123 Main St,aiden.parker@example.com,george.parker@example.com,group_b,4,5,3,4,6,3,3,4,4.0,4,3,5,4,6,6,5,6,5.0,3,3,4,4,5,6,3,5,4.5,3,4,3,4,3,4,5,4,4.0,6,5,4,5,5,3,5,5,5.0,6,3,5,5,6,5,3,5,5.0,3,4,4,4,5,4,3,4,4.0,5,5,6,6,4,4,3,4,5.0,3,3,4,4,3,3,6,4,4.0,4,4,4,4,3,4,3,4,4.0
Aria,Murphy,Female,2010-01-06,Diana Murphy,New York,123 Main St,aria.murphy@example.com,diana.murphy@example.com,group_b,5,4,3,4,4,4,5,5,4.5,3,4,3,4,3,4,4,4,4.0,4,5,4,5,3,5,3,4,4.5,6,3,5,5,6,3,4,5,5.0,6,3,5,5,6,4,6,6,5.5,6,3,4,5,4,5,5,5,5.0,6,6,5,6,5,3,3,4,5.0,5,6,5,6,3,4,3,4,5.0,6,4,5,5,4,5,3,4,4.5,3,4,3,4,5,6,4,5,4.5
Aurora,James,Female,2010-12-05,Marie James,Seattle,567 Oak St,aurora.james@example.com,marie.james@example.com,group_b,4,5,6,5,3,4,6,5,5.0,5,3,6,5,6,3,6,5,5.0,5,5,5,5,6,6,6,6,5.5,4,6,4,5,6,4,6,6,5.5,6,3,6,5,6,3,4,5,5.0,3,6,6,5,4,4,5,5,5.0,6,3,3,4,3,6,5,5,4.5,3,6,3,4,4,3,3,4,4.0,4,4,3,4,4,3,4,4,4.0,6,4,6,6,4,6,5,5,5.5
Caleb,Cox,Male,2010-12-30,Paul Cox,Seattle,567 Oak St,caleb.cox@example.com,paul.cox@example.com,group_b,4,5,6,5,3,3,5,4,4.5,4,3,3,4,4,6,3,5,4.5,4,6,5,5,4,4,4,4,4.5,3,6,6,5,6,6,4,6,5.5,3,5,3,4,4,3,3,4,4.0,4,6,5,5,4,3,3,4,4.5,5,6,5,6,5,3,4,4,5.0,5,4,3,4,4,6,5,5,4.5,3,6,6,5,4,5,3,4,4.5,3,3,6,4,5,5,6,6,5.0
Carter,Adams,Male,2010-03-31,Frank Adams,Chicago,789 Oak St,carter.adams@example.com,frank.adams@example.com,group_b,3,3,3,3,4,4,6,5,4.0,3,4,6,5,3,6,6,5,5.0,4,5,3,4,5,5,5,5,4.5,4,6,4,5,6,4,4,5,5.0,5,4,6,5,5,5,5,5,5.0,3,5,3,4,6,3,4,5,4.5,5,5,6,6,3,4,6,5,5.5,6,5,3,5,5,4,5,5,5.0,6,3,4,5,6,4,6,6,5.5,5,3,5,5,4,5,4,5,5.0
Chloe,Russell,Female,2010-04-11,Joan Russell,Houston,234 Pine St,chloe.russell@example.com,joan.russell@example.com,group_b,4,3,6,5,6,5,5,6,5.5,3,6,4,5,3,4,6,5,5.0,3,3,4,4,6,3,6,5,4.5,6,6,6,6,6,3,6,5,5.5,4,6,3,5,4,3,5,4,4.5,4,5,6,5,5,5,3,5,5.0,3,3,3,3,6,5,3,5,4.0,5,6,5,6,3,4,6,5,5.5,6,4,6,6,4,4,3,4,5.0,4,5,6,5,5,4,4,5,5.0
Daniel,Cook,Male,2010-10-11,Gerald Cook,Austin,901 Elm St,daniel.cook@example.com,gerald.cook@example.com,group_b,4,6,3,5,5,3,4,4,4.5,6,3,4,5,3,3,4,4,4.5,5,4,5,5,4,3,3,4,4.5,6,3,6,5,4,3,6,5,5.0,4,5,4,5,5,4,4,5,5.0,6,3,6,5,4,6,3,5,5.0,6,6,5,6,5,3,3,4,5.0,5,4,6,5,6,4,6,6,5.5,4,6,6,6,4,4,4,4,5.0,6,6,4,6,4,5,5,5,5.5
David,Ward,Male,2010-01-02,Kevin Ward,Boston,890 Maple St,david.ward@example.com,kevin.ward@example.com,group_b,4,3,6,5,6,6,3,5,5.0,4,4,5,5,6,4,4,5,5.0,4,4,5,5,3,6,4,5,5.0,5,3,3,4,5,5,4,5,4.5,4,5,3,4,5,4,6,5,4.5,6,4,4,5,3,3,5,4,4.5,3,4,3,4,5,4,3,4,4.0,6,3,5,5,6,4,5,5,5.0,3,5,5,5,5,4,4,5,5.0,5,6,4,5,5,6,4,5,5.0
Eleanor,Howard,Female,2010-07-20,Judith Howard,San Antonio,012 Walnut St,eleanor.howard@example.com,judith.howard@example.com,group_b,5,4,6,5,4,3,4,4,4.5,5,5,3,5,3,6,6,5,5.0,6,6,3,5,3,6,6,5,5.0,6,6,4,6,4,5,6,5,5.5,6,3,4,5,3,4,3,4,4.5,4,5,6,5,4,6,5,5,5.0,5,4,3,4,6,6,6,6,5.0,5,6,3,5,5,5,4,5,5.0,3,4,3,4,3,6,4,5,4.5,4,3,5,4,5,4,4,5,4.5
Grayson,Lee,Male,2010-02-21,Edward Lee,Los Angeles,456 Elm St,grayson.lee@example.com,edward.lee@example.com,group_b,5,3,3,4,4,3,4,4,4.0,3,5,3,4,3,3,4,4,4.0,5,6,5,6,4,5,3,4,5.0,3,6,4,5,3,3,6,4,4.5,3,3,4,4,6,4,5,5,4.5,6,4,4,5,4,4,4,4,4.5,4,3,4,4,5,3,6,5,4.5,5,3,6,5,3,3,5,4,4.5,6,4,3,5,5,4,6,5,5.0,5,5,4,5,6,4,5,5,5.0
Hannah,Peterson,Female,2010-09-21,Margaret Peterson,Dallas,678 Spruce St,hannah.peterson@example.com,margaret.peterson@example.com,group_b,3,6,5,5,6,6,3,5,5.0,4,4,6,5,3,6,4,5,5.0,5,5,5,5,4,3,6,5,5.0,3,4,4,4,3,6,4,5,4.5,3,3,3,3,3,3,3,3,3.0,4,5,3,4,6,6,5,6,5.0,3,5,3,4,4,5,6,5,4.5,5,3,3,4,6,4,4,5,4.5,4,5,6,5,5,3,4,4,4.5,5,4,4,5,5,6,3,5,5.0
Jack,Nelson,Male,2010-05-13,Jack Nelson Sr.,Phoenix,567 Maple St,jack.nelson@example.com,jack.nelson.sr@example.com,group_b,5,5,3,5,4,5,3,4,4.5,6,4,5,5,6,3,5,5,5.0,6,6,6,6,3,3,5,4,5.0,5,5,5,5,3,3,5,4,4.5,3,5,3,4,4,3,4,4,4.0,5,6,4,5,4,3,6,5,5.0,4,6,6,6,4,5,5,5,5.5,5,4,5,5,5,6,4,5,5.0,3,4,4,4,3,6,4,5,4.5,4,6,5,5,6,5,4,5,5.0
Jackson,Reed,Male,2010-08-09,Charles Reed,San Diego,345 Birch St,jackson.reed@example.com,charles.reed@example.com,group_b,4,5,4,5,3,6,5,5,5.0,5,5,4,5,6,5,3,5,5.0,5,5,6,6,5,6,4,5,5.5,6,4,6,6,4,6,4,5,5.5,3,3,3,3,6,3,5,5,4.0,5,4,4,5,6,3,3,4,4.5,5,5,3,5,6,5,5,6,5.5,6,3,6,5,6,3,4,5,5.0,3,4,6,5,3,4,4,4,4.5,3,5,6,5,3,6,5,5,5.0
Layla,Price,Female,2010-03-26,Shirley Price,Chicago,789 Oak St,layla.price@example.com,shirley.price@example.com,group_b,3,6,3,4,6,4,5,5,4.5,3,4,6,5,4,5,5,5,5.0,3,4,3,4,4,6,3,5,4.5,6,3,3,4,6,5,6,6,5.0,4,3,3,4,4,6,6,6,5.0,5,6,4,5,3,4,3,4,4.5,6,6,3,5,4,4,4,4,4.5,5,6,6,6,5,6,5,6,6.0,4,6,6,6,4,4,4,4,5.0,4,6,3,5,3,6,3,4,4.5
Levi,Rogers,Male,2010-09-17,Albert Rogers,Dallas,678 Spruce St,levi.rogers@example.com,albert.rogers@example.com,group_b,3,3,3,3,6,6,4,6,4.5,6,6,5,6,4,4,3,4,5.0,5,3,4,4,6,5,3,5,4.5,4,4,6,5,4,3,4,4,4.5,6,6,4,6,4,3,4,4,5.0,5,6,3,5,3,4,3,4,4.5,5,5,6,6,3,3,5,4,5.0,5,6,3,5,5,3,4,4,4.5,3,4,3,4,4,6,5,5,4.5,5,6,4,5,3,3,4,4,4.5
Lily,Ramirez,Female,2010-11-13,Ann Ramirez,San Francisco,234 Pine St,lily.ramirez@example.com,ann.ramirez@example.com,group_b,4,6,3,5,3,4,4,4,4.5,4,6,4,5,3,4,5,4,4.5,5,4,6,5,5,4,5,5,5.0,4,6,4,5,5,4,5,5,5.0,4,3,3,4,6,5,5,6,5.0,3,4,4,4,6,3,4,5,4.5,6,5,3,5,4,4,4,4,4.5,6,3,5,5,5,5,5,5,5.0,6,3,5,5,3,6,3,4,4.5,4,4,4,4,4,4,3,4,4.0
Madison,Bennett,Female,2010-06-06,Theresa Bennett,Philadelphia,890 Cedar St,madison.bennett@example.com,theresa.bennett@example.com,group_b,4,5,4,5,3,3,6,4,4.5,6,4,6,6,3,3,6,4,5.0,3,5,6,5,5,6,3,5,5.0,4,5,4,5,3,4,4,4,4.5,6,4,3,5,4,5,5,5,5.0,4,6,6,6,6,5,4,5,5.5,5,5,6,6,4,4,6,5,5.5,5,3,6,5,5,4,4,5,5.0,6,5,6,6,5,6,5,6,6.0,5,4,3,4,5,6,4,5,4.5
Matthew,Stewart,Male,2010-11-05,Arthur Stewart,San Francisco,234 Pine St,matthew.stewart@example.com,arthur.stewart@example.com,group_b,3,4,3,4,3,6,4,5,4.5,5,6,5,6,5,5,3,5,5.5,6,6,4,6,4,3,6,5,5.5,6,5,3,5,4,4,4,4,4.5,5,5,5,5,6,6,4,6,5.5,5,4,4,5,5,4,6,5,5.0,4,4,4,4,4,5,3,4,4.0,3,3,6,4,3,4,5,4,4.0,4,5,3,4,3,6,4,5,4.5,4,6,3,5,4,3,5,4,4.5
Natalie,Torres,Female,2010-01-29,Frances Torres,Boston,890 Maple St,natalie.torres@example.com,frances.torres@example.com,group_b,4,3,5,4,5,6,6,6,5.0,5,6,6,6,4,5,5,5,5.5,4,4,6,5,4,6,6,6,5.5,3,6,6,5,4,3,3,4,4.5,4,5,4,5,4,3,3,4,4.5,5,6,4,5,5,5,5,5,5.0,3,4,5,4,4,5,3,4,4.0,3,5,6,5,5,5,6,6,5.5,4,6,4,5,3,4,6,5,5.0,5,5,5,5,6,5,6,6,5.5
Nora,Ward,Female,2010-08-16,Brenda Ward,San Diego,345 Birch St,nora.ward@example.com,brenda.ward@example.com,group_b,3,4,3,4,6,6,5,6,5.0,3,5,3,4,3,5,6,5,4.5,6,6,3,5,4,5,5,5,5.0,4,4,3,4,6,5,5,6,5.0,3,5,5,5,3,3,5,4,4.5,3,5,6,5,6,5,5,6,5.5,3,6,5,5,5,4,3,4,4.5,5,6,5,6,6,4,6,6,6.0,5,3,6,5,5,4,3,4,4.5,4,6,5,5,5,6,4,5,5.0
Owen,Cooper,Male,2010-07-23,Samuel Cooper,San Antonio,012 Walnut St,owen.cooper@example.com,samuel.cooper@example.com,group_b,5,4,3,4,6,5,4,5,4.5,6,3,5,5,6,5,5,6,5.5,3,3,6,4,3,4,6,5,4.5,3,3,5,4,5,5,5,5,4.5,5,3,4,4,4,5,3,4,4.0,6,5,3,5,4,6,6,6,5.5,6,3,3,4,5,5,6,6,5.0,3,6,6,5,6,5,5,6,5.5,5,5,4,5,3,6,3,4,4.5,6,5,6,6,4,4,4,4,5.0
Scarlett,Hughes,Female,2010-02-16,Gloria Hughes,Los Angeles,456 Elm St,scarlett.hughes@example.com,gloria.hughes@example.com,group_b,5,3,5,5,4,3,4,4,4.5,4,4,3,4,5,5,5,5,4.5,6,4,5,5,3,4,5,4,4.5,5,6,4,5,6,6,4,6,5.5,3,4,4,4,6,5,4,5,4.5,6,6,6,6,4,4,6,5,5.5,4,6,3,5,4,3,5,4,4.5,4,6,5,5,3,6,6,5,5.0,3,6,4,5,4,6,5,5,5.0,3,3,6,4,4,5,4,5,4.5
Sebastian,Bell,Male,2010-06-19,Walter Bell,Philadelphia,890 Cedar St,sebastian.bell@example.com,walter.bell@example.com,group_b,6,6,6,6,3,3,4,4,5.0,5,6,6,6,3,4,3,4,5.0,5,6,5,6,5,6,4,5,5.5,5,3,3,4,3,3,4,4,4.0,6,6,6,6,3,5,5,5,5.5,4,6,5,5,4,4,3,4,4.5,4,6,6,6,3,4,5,4,5.0,4,4,6,5,5,6,3,5,5.0,6,5,5,6,5,4,4,5,5.5,5,5,6,6,5,3,6,5,5.5
Victoria,Griffin,Female,2010-05-31,Rose Griffin,Phoenix,567 Maple St,victoria.griffin@example.com,rose.griffin@example.com,group_b,6,3,6,5,5,6,3,5,5.0,6,6,3,5,3,4,6,5,5.0,5,6,6,6,6,4,5,5,5.5,4,5,5,5,4,3,3,4,4.5,5,3,5,5,5,5,6,6,5.5,5,5,6,6,6,3,5,5,5.5,6,4,4,5,5,4,3,4,4.5,3,6,4,5,6,3,3,4,4.5,6,5,6,6,4,3,4,4,5.0,6,5,5,6,5,6,5,6,6.0
Wyatt,Brooks,Male,2010-04-26,Henry Brooks,Houston,234 Pine St,wyatt.brooks@example.com,henry.brooks@example.com,group_b,5,3,3,4,3,4,3,4,4.0,6,5,6,6,3,3,5,4,5.0,4,4,3,4,6,3,4,5,4.5,3,6,4,5,6,5,3,5,5.0,3,3,6,4,5,6,5,6,5.0,5,6,4,5,6,4,3,5,5.0,3,4,6,5,3,4,5,4,4.5,6,4,5,5,5,3,3,4,4.5,6,5,4,5,3,4,4,4,4.5,5,6,3,5,6,6,4,6,5.5
Zoey,Gray,Female,2010-10-19,Catherine Gray,Austin,901 Elm St,zoey.gray@example.com,catherine.gray@example.com,group_b,5,5,3,5,5,5,3,5,5.0,5,3,5,5,3,4,4,4,4.5,3,5,4,4,5,4,5,5,4.5,4,6,3,5,5,4,5,5,5.0,6,4,3,5,4,6,6,6,5.5,6,6,5,6,6,6,5,6,6.0,5,4,4,5,4,4,6,5,5.0,3,5,6,5,4,5,6,5,5.0,4,6,6,6,4,4,5,5,5.5,3,5,3,4,6,6,3,5,4.5
Alexander,Hayes,Male,2010-05-08,Brian Hayes,Phoenix,567 Maple St,alexander.hayes@example.com,brian.hayes@example.com,group_c,3,5,4,4,3,5,6,5,4.5,3,4,4,4,6,6,3,5,4.5,5,6,4,5,4,5,4,5,5.0,5,3,6,5,5,3,4,4,4.5,3,5,4,4,4,6,5,5,4.5,3,5,4,4,5,6,6,6,5.0,6,6,4,6,3,6,5,5,5.5,5,4,4,5,6,6,5,6,5.5,3,4,3,4,4,4,4,4,4.0,3,5,4,4,5,4,6,5,4.5
Amelia,Cook,Female,2010-02-18,Shannon Cook,Los Angeles,456 Elm St,amelia.cook@example.com,shannon.cook@example.com,group_c,3,5,4,4,4,3,6,5,4.5,5,5,5,5,5,5,5,5,5.0,4,3,4,4,6,5,4,5,4.5,4,4,5,5,4,6,3,5,5.0,6,3,6,5,6,3,6,5,5.0,5,3,5,5,4,6,3,5,5.0,6,4,5,5,3,6,5,5,5.0,5,5,3,5,3,6,5,5,5.0,3,3,5,4,4,4,5,5,4.5,3,5,6,5,5,5,5,5,5.0
Aria,Ward,Female,2010-06-01,Shirley Ward,Philadelphia,890 Cedar St,aria.ward@example.com,shirley.ward@example.com,group_c,5,3,6,5,4,3,4,4,4.5,3,5,4,4,3,5,3,4,4.0,5,5,3,5,5,4,6,5,5.0,5,6,6,6,3,6,4,5,5.5,5,5,4,5,6,3,5,5,5.0,4,6,4,5,4,4,4,4,4.5,6,3,6,5,6,6,5,6,5.5,4,5,3,4,5,6,4,5,4.5,4,4,4,4,6,4,5,5,4.5,4,6,3,5,6,4,4,5,5.0
Avery,Howard,Female,2010-05-09,Janet Howard,Phoenix,567 Maple St,avery.howard@example.com,janet.howard@example.com,group_c,5,5,3,5,5,5,4,5,5.0,4,5,5,5,6,6,3,5,5.0,4,5,5,5,6,3,5,5,5.0,4,6,4,5,6,5,4,5,5.0,6,5,6,6,3,6,5,5,5.5,5,3,3,4,6,3,3,4,4.0,4,3,6,5,3,3,3,3,4.0,4,3,3,4,3,4,5,4,4.0,3,3,5,4,3,5,4,4,4.0,5,4,4,5,5,3,4,4,4.5
Chloe,Nelson,Female,2010-09-17,Angela Nelson,Dallas,678 Spruce St,chloe.nelson@example.com,angela.nelson@example.com,group_c,4,3,5,4,6,4,3,5,4.5,3,4,4,4,6,3,5,5,4.5,6,4,5,5,3,4,5,4,4.5,3,3,3,3,5,6,6,6,4.5,3,4,4,4,3,3,5,4,4.0,3,5,6,5,6,3,4,5,5.0,4,6,5,5,4,4,4,4,4.5,5,3,4,4,4,3,5,4,4.0,6,5,6,6,4,3,6,5,5.5,4,6,5,5,3,5,3,4,4.5
Daniel,Henderson,Male,2010-12-15,Justin Henderson,Seattle,567 Oak St,daniel.henderson@example.com,justin.henderson@example.com,group_c,5,6,5,6,5,5,5,5,5.5,5,6,6,6,3,4,4,4,5.0,6,6,5,6,6,3,6,5,5.5,4,6,6,6,3,6,5,5,5.5,6,5,5,6,5,6,6,6,6.0,3,5,3,4,3,6,4,5,4.5,3,4,6,5,3,5,6,5,5.0,5,6,4,5,5,3,4,4,4.5,3,3,5,4,5,3,6,5,4.5,4,6,6,6,5,6,3,5,5.5
Eleanor,Sanders,Female,2010-12-20,Helen Sanders,Seattle,567 Oak St,eleanor.sanders@example.com,helen.sanders@example.com,group_c,4,3,6,5,6,4,5,5,5.0,5,6,5,6,4,5,6,5,5.5,4,6,3,5,5,5,4,5,5.0,5,5,6,6,4,4,3,4,5.0,3,5,4,4,6,4,4,5,4.5,6,6,5,6,6,6,5,6,6.0,4,6,5,5,6,6,3,5,5.0,5,3,6,5,3,6,4,5,5.0,4,6,6,6,4,5,4,5,5.5,6,5,6,6,5,3,3,4,5.0
Ella,Cox,Female,2010-04-22,Sarah Cox,Houston,234 Pine St,ella.cox@example.com,sarah.cox@example.com,group_c,3,6,5,5,3,3,3,3,4.0,4,6,4,5,3,3,3,3,4.0,5,3,4,4,3,5,5,5,4.5,3,5,4,4,4,3,5,4,4.0,6,6,4,6,5,3,4,4,5.0,6,4,6,6,6,3,6,5,5.5,4,3,5,4,3,5,4,4,4.0,3,4,3,4,5,5,3,5,4.5,3,3,6,4,5,5,3,5,4.5,5,4,4,5,4,4,5,5,5.0
Ethan,Bailey,Male,2010-04-18,Keith Bailey,Houston,234 Pine St,ethan.bailey@example.com,keith.bailey@example.com,group_c,6,3,6,5,3,5,5,5,5.0,6,4,5,5,4,5,3,4,4.5,5,5,3,5,3,3,3,3,4.0,5,6,6,6,5,5,4,5,5.5,6,6,4,6,5,6,5,6,6.0,6,5,5,6,6,6,4,6,6.0,3,6,3,4,6,4,4,5,4.5,3,6,3,4,4,6,5,5,4.5,5,4,6,5,5,4,5,5,5.0,3,3,3,3,3,6,4,5,4.0
Evelyn,Richardson,Female,2010-03-11,Ellen Richardson,Chicago,789 Oak St,evelyn.richardson@example.com,ellen.richardson@example.com,group_c,4,6,6,6,4,5,6,5,5.5,5,5,5,5,6,3,5,5,5.0,6,5,5,6,5,3,4,4,5.0,6,4,6,6,3,4,5,4,5.0,5,4,5,5,4,4,6,5,5.0,4,4,6,5,3,3,5,4,4.5,5,3,3,4,6,3,6,5,4.5,5,6,3,5,5,3,3,4,4.5,5,3,6,5,6,6,6,6,5.5,4,3,5,4,6,6,4,6,5.0
Jack,Fisher,Male,2010-11-01,Carl Fisher,San Francisco,234 Pine St,jack.fisher@example.com,carl.fisher@example.com,group_c,4,6,6,6,5,3,4,4,5.0,3,4,6,5,6,4,5,5,5.0,5,4,6,5,6,5,4,5,5.0,4,3,6,5,3,3,5,4,4.5,4,3,6,5,5,3,6,5,5.0,4,3,6,5,4,3,5,4,4.5,3,5,5,5,5,3,3,4,4.5,4,4,5,5,5,6,3,5,5.0,3,3,4,4,4,4,6,5,4.5,6,6,4,6,4,5,3,4,5.0
James,Butler,Male,2010-06-12,Adam Butler,Philadelphia,890 Cedar St,james.butler@example.com,adam.butler@example.com,group_c,6,4,6,6,5,6,3,5,5.5,3,3,3,3,3,3,5,4,3.5,5,4,5,5,6,6,5,6,5.5,3,4,6,5,5,6,4,5,5.0,3,3,6,4,3,3,5,4,4.0,4,5,4,5,6,5,6,6,5.5,5,6,3,5,6,4,3,5,5.0,5,4,5,5,4,5,4,5,5.0,4,6,4,5,5,6,6,6,5.5,6,4,6,6,6,6,6,6,6.0
Layla,Parker,Female,2010-08-13,Victoria Parker,San Diego,345 Birch St,layla.parker@example.com,victoria.parker@example.com,group_c,3,5,6,5,6,3,5,5,5.0,6,3,3,4,5,5,5,5,4.5,5,3,6,5,5,4,5,5,5.0,4,4,3,4,6,4,6,6,5.0,4,6,4,5,6,3,6,5,5.0,4,5,6,5,4,6,3,5,5.0,6,4,6,6,5,5,4,5,5.5,6,6,4,6,6,3,3,4,5.0,5,4,6,5,3,6,3,4,4.5,3,3,5,4,4,6,5,5,4.5
Levi,Morris,Male,2010-09-15,Joe Morris,Dallas,678 Spruce St,levi.morris@example.com,joe.morris@example.com,group_c,3,3,4,4,5,4,3,4,4.0,3,5,6,5,3,5,6,5,5.0,3,5,5,5,3,6,5,5,5.0,6,5,6,6,6,4,6,6,6.0,4,4,5,5,3,5,3,4,4.5,3,6,4,5,6,3,5,5,5.0,5,3,3,4,3,5,5,5,4.5,5,3,6,5,5,5,4,5,5.0,5,6,3,5,4,3,3,4,4.5,4,3,6,5,3,3,4,4,4.5
Logan,Cooper,Male,2010-02-22,Bruce Cooper,Los Angeles,456 Elm St,logan.cooper@example.com,bruce.cooper@example.com,group_c,4,3,3,4,4,5,3,4,4.0,6,6,4,6,5,6,4,5,5.5,4,4,3,4,3,3,3,3,3.5,4,4,6,5,5,6,4,5,5.0,6,4,6,6,6,6,3,5,5.5,4,3,5,4,4,6,5,5,4.5,3,5,5,5,3,5,6,5,5.0,3,4,6,5,5,6,3,5,5.0,3,6,4,5,3,4,6,5,5.0,6,4,3,5,4,3,6,5,5.0
Lucas,Foster,Male,2010-03-28,Derek Foster,Chicago,789 Oak St,lucas.foster@example.com,derek.foster@example.com,group_c,5,6,6,6,4,6,3,5,5.5,4,6,5,5,3,4,6,5,5.0,4,3,4,4,5,6,4,5,4.5,3,3,4,4,6,3,3,4,4.0,5,5,5,5,3,5,5,5,5.0,5,3,5,5,6,6,5,6,5.5,3,5,6,5,3,6,3,4,4.5,5,4,5,5,3,4,4,4,4.5,6,5,5,6,5,4,5,5,5.5,6,3,3,4,3,5,5,5,4.5
Madison,Bailey,Female,2010-11-23,Joan Bailey,San Francisco,234 Pine St,madison.bailey@example.com,joan.bailey@example.com,group_c,5,4,5,5,4,6,6,6,5.5,3,3,3,3,3,5,3,4,3.5,3,3,4,4,3,3,4,4,4.0,4,3,5,4,5,6,5,6,5.0,6,3,6,5,5,5,5,5,5.0,5,5,4,5,3,4,5,4,4.5,5,3,6,5,3,5,3,4,4.5,3,4,6,5,3,6,4,5,5.0,5,4,5,5,5,3,5,5,5.0,4,3,4,4,4,3,4,4,4.0
Mason,Morgan,Male,2010-01-17,Roger Morgan,New York,123 Main St,mason.morgan@example.com,roger.morgan@example.com,group_c,3,6,6,5,3,4,3,4,4.5,4,5,5,5,3,3,6,4,4.5,6,5,5,6,5,4,3,4,5.0,4,3,6,5,5,3,3,4,4.5,6,4,6,6,6,5,6,6,6.0,5,4,6,5,4,6,4,5,5.0,3,6,3,4,5,6,4,5,4.5,5,6,4,5,3,6,6,5,5.0,5,4,4,5,6,5,5,6,5.5,6,6,3,5,3,5,4,4,4.5
Mateo,Watson,Male,2010-10-05,Larry Watson,Austin,901 Elm St,mateo.watson@example.com,larry.watson@example.com,group_c,6,5,5,6,4,5,4,5,5.5,6,6,6,6,5,4,3,4,5.0,5,4,5,5,3,4,5,4,4.5,3,4,3,4,6,6,5,6,5.0,5,5,5,5,3,3,4,4,4.5,6,3,6,5,3,3,4,4,4.5,3,4,4,4,4,6,3,5,4.5,5,6,6,6,3,3,3,3,4.5,4,3,6,5,3,4,4,4,4.5,3,3,4,4,4,6,3,5,4.5
Nora,Barnes,Female,2010-01-27,Marie Barnes,Boston,890 Maple St,nora.barnes@example.com,marie.barnes@example.com,group_c,6,6,3,5,5,4,6,5,5.0,6,4,6,6,6,5,6,6,6.0,3,6,3,4,3,3,4,4,4.0,3,3,4,4,4,3,4,4,4.0,6,3,3,4,6,5,3,5,4.5,3,4,5,4,3,5,6,5,4.5,5,5,4,5,3,5,6,5,5.0,3,5,3,4,4,4,4,4,4.0,5,5,5,5,4,6,4,5,5.0,4,6,4,5,6,6,6,6,5.5
Owen,Sanders,Male,2010-08-25,Jason Sanders,San Diego,345 Birch St,owen.sanders@example.com,jason.sanders@example.com,group_c,3,3,3,3,6,3,6,5,4.0,4,5,6,5,4,4,4,4,4.5,4,5,4,5,5,5,5,5,5.0,3,4,5,4,4,3,6,5,4.5,5,3,5,5,4,4,4,4,4.5,3,5,4,4,5,5,3,5,4.5,5,4,6,5,5,6,4,5,5.0,4,3,6,5,3,5,6,5,5.0,6,3,6,5,5,5,3,5,5.0,4,6,6,6,6,4,3,5,5.5
Scarlett,Brooks,Female,2010-07-10,Anne Brooks,San Antonio,012 Walnut St,scarlett.brooks@example.com,anne.brooks@example.com,group_c,3,3,6,4,4,4,5,5,4.5,3,5,3,4,6,6,6,6,5.0,5,5,4,5,6,4,3,5,5.0,4,5,4,5,6,6,4,6,5.5,5,6,4,5,5,6,5,6,5.5,6,6,3,5,4,6,4,5,5.0,6,5,4,5,4,6,5,5,5.0,5,5,5,5,4,6,6,6,5.5,6,5,4,5,5,6,4,5,5.0,5,6,5,6,6,3,5,5,5.5
Sebastian,Barnes,Male,2010-07-02,Gary Barnes,San Antonio,012 Walnut St,sebastian.barnes@example.com,gary.barnes@example.com,group_c,6,3,4,5,4,6,6,6,5.5,4,5,4,5,3,4,4,4,4.5,4,3,4,4,4,6,6,6,5.0,4,4,6,5,4,5,6,5,5.0,4,5,5,5,5,3,6,5,5.0,3,6,4,5,6,6,6,6,5.5,3,6,5,5,5,5,6,6,5.5,3,6,4,5,4,4,6,5,5.0,5,3,6,5,5,5,5,5,5.0,4,4,3,4,3,5,4,4,4.0
Sophia,Reed,Female,2010-01-06,Rita Reed,New York,123 Main St,sophia.reed@example.com,rita.reed@example.com,group_c,5,3,6,5,4,6,3,5,5.0,5,5,4,5,3,6,4,5,5.0,4,4,3,4,3,5,6,5,4.5,4,3,5,4,6,4,5,5,4.5,3,3,3,3,3,4,3,4,3.5,5,5,3,5,6,4,6,6,5.5,6,6,5,6,3,3,5,4,5.0,5,4,5,5,6,4,4,5,5.0,5,3,3,4,3,4,4,4,4.0,3,6,5,5,6,3,6,5,5.0
Victoria,Bennett,Female,2010-10-12,Theresa Bennett,Austin,901 Elm St,victoria.bennett@example.com,theresa.bennett@example.com,group_c,3,6,5,5,4,3,6,5,5.0,6,3,4,5,4,4,4,4,4.5,5,5,4,5,6,5,6,6,5.5,3,5,3,4,4,3,3,4,4.0,6,4,4,5,5,4,5,5,5.0,5,4,6,5,5,3,5,5,5.0,5,6,3,5,3,4,3,4,4.5,3,5,4,4,5,6,6,6,5.0,4,5,5,5,4,3,5,4,4.5,6,3,6,5,4,3,4,4,4.5
William,Bell,Male,2010-01-04,Henry Bell,Boston,890 Maple St,william.bell@example.com,henry.bell@example.com,group_c,5,4,5,5,6,3,4,5,5.0,3,6,5,5,6,5,5,6,5.5,4,4,6,5,3,3,6,4,4.5,5,3,6,5,5,4,3,4,4.5,3,5,3,4,5,3,6,5,4.5,5,3,5,5,3,3,5,4,4.5,5,4,3,4,3,3,4,4,4.0,3,3,6,4,4,6,4,5,4.5,6,3,5,5,6,6,4,6,5.5,5,3,4,4,3,6,4,5,4.5
Aria,Jones,Female,2010-11-19,Katherine Jones,San Francisco,234 Pine St,aria.jones@example.com,katherine.jones@example.com,group_d,6,4,5,5,3,6,3,4,4.5,3,3,3,3,3,3,6,4,3.5,6,3,4,5,4,4,3,4,4.5,4,5,4,5,3,3,3,3,4.0,5,3,3,4,6,4,6,6,5.0,6,6,5,6,6,3,5,5,5.5,5,4,4,5,6,4,4,5,5.0,4,6,6,6,6,4,6,6,6.0,4,3,5,4,3,3,5,4,4.0,6,6,6,6,5,4,4,5,5.5
Avery,Garcia,Female,2010-05-22,Ruth Garcia,Phoenix,567 Maple St,avery.garcia@example.com,ruth.garcia@example.com,group_d,6,4,3,5,3,5,4,4,4.5,6,3,3,4,5,3,4,4,4.0,6,3,5,5,3,4,3,4,4.5,3,3,3,3,4,3,4,4,3.5,3,6,4,5,4,4,6,5,5.0,3,5,4,4,5,5,3,5,4.5,3,3,6,4,3,6,6,5,4.5,4,5,6,5,3,4,4,4,4.5,6,5,4,5,6,3,6,5,5.0,6,4,5,5,4,3,3,4,4.5
Carter,Peterson,Male,2010-05-29,Douglas Peterson,Phoenix,567 Maple St,carter.peterson@example.com,douglas.peterson@example.com,group_d,6,4,3,5,3,3,3,3,4.0,3,3,6,4,3,3,4,4,4.0,4,5,5,5,6,6,3,5,5.0,5,4,5,5,3,5,4,4,4.5,5,5,6,6,6,6,5,6,6.0,3,4,5,4,3,6,3,4,4.0,4,4,4,4,3,4,6,5,4.5,5,4,6,5,4,4,3,4,4.5,4,3,5,4,4,4,5,5,4.5,6,3,6,5,5,3,6,5,5.0
Chloe,Johnson,Female,2010-08-18,Alice Johnson,San Diego,345 Birch St,chloe.johnson@example.com,alice.johnson@example.com,group_d,5,4,3,4,3,5,5,5,4.5,4,4,6,5,5,3,4,4,4.5,6,4,3,5,3,6,3,4,4.5,6,3,5,5,4,5,5,5,5.0,3,3,4,4,6,4,5,5,4.5,4,4,5,5,4,3,6,5,5.0,6,5,3,5,5,4,4,5,5.0,4,4,4,4,3,5,3,4,4.0,5,6,6,6,5,3,5,5,5.5,6,5,4,5,5,4,3,4,4.5
David,Morgan,Male,2010-04-19,Arthur Morgan,Houston,234 Pine St,david.morgan@example.com,arthur.morgan@example.com,group_d,3,5,6,5,4,5,6,5,5.0,6,4,4,5,3,4,3,4,4.5,3,6,5,5,4,5,3,4,4.5,6,6,3,5,5,6,6,6,5.5,4,4,3,4,5,3,4,4,4.0,3,6,3,4,4,5,3,4,4.0,4,3,5,4,3,5,4,4,4.0,6,4,5,5,5,4,3,4,4.5,3,6,3,4,4,3,4,4,4.0,3,6,5,5,4,4,6,5,5.0
Dylan,Rogers,Male,2010-10-23,Andrew Rogers,Austin,901 Elm St,dylan.rogers@example.com,andrew.rogers@example.com,group_d,6,5,4,5,3,4,4,4,4.5,3,6,5,5,6,4,4,5,5.0,3,3,5,4,3,5,6,5,4.5,3,3,3,3,5,4,4,5,4.0,6,5,4,5,6,4,3,5,5.0,5,3,6,5,4,5,5,5,5.0,4,3,5,4,6,4,6,6,5.0,3,5,4,4,4,4,5,5,4.5,3,5,3,4,6,3,5,5,4.5,3,3,6,4,5,4,4,5,4.5
Eleanor,Anderson,Female,2010-01-30,Gloria Anderson,Boston,890 Maple St,eleanor.anderson@example.com,gloria.anderson@example.com,group_d,6,5,4,5,3,6,6,5,5.0,4,4,5,5,4,4,5,5,5.0,6,6,4,6,4,5,3,4,5.0,3,5,6,5,5,4,3,4,4.5,3,4,5,4,3,4,3,4,4.0,6,4,3,5,3,3,3,3,4.0,3,4,3,4,5,4,6,5,4.5,3,5,4,4,4,4,4,4,4.0,6,3,6,5,5,6,6,6,5.5,5,5,3,5,4,3,6,5,5.0
Ella,Henderson,Female,2010-04-17,Christina Henderson,Houston,234 Pine St,ella.henderson@example.com,christina.henderson@example.com,group_d,3,4,5,4,4,4,4,4,4.0,4,6,6,6,5,6,3,5,5.5,3,5,6,5,6,6,6,6,5.5,3,3,5,4,5,4,6,5,4.5,5,4,6,5,6,3,4,5,5.0,5,4,3,4,6,6,5,6,5.0,6,5,3,5,6,5,4,5,5.0,6,4,5,5,6,3,3,4,4.5,5,6,5,6,3,3,3,3,4.5,6,3,6,5,6,6,3,5,5.0
Evelyn,Reed,Female,2010-02-26,Wanda Reed,Los Angeles,456 Elm St,evelyn.reed@example.com,wanda.reed@example.com,group_d,3,4,4,4,6,6,6,6,5.0,5,5,3,5,3,6,3,4,4.5,4,4,6,5,5,5,3,5,5.0,3,6,4,5,4,3,6,5,5.0,4,5,6,5,5,5,6,6,5.5,6,6,6,6,3,6,3,4,5.0,6,6,4,6,3,4,6,5,5.5,6,5,4,5,3,3,6,4,4.5,4,6,6,6,3,4,3,4,5.0,5,3,4,4,3,5,5,5,4.5
Grace,Parker,Female,2010-07-12,Marilyn Parker,San Antonio,012 Walnut St,grace.parker@example.com,marilyn.parker@example.com,group_d,4,6,5,5,6,4,6,6,5.5,5,5,6,6,5,3,3,4,5.0,4,4,5,5,6,3,4,5,5.0,4,3,4,4,6,5,6,6,5.0,5,4,5,5,3,5,5,5,5.0,3,3,4,4,5,5,5,5,4.5,4,3,4,4,6,4,6,6,5.0,5,4,6,5,6,5,4,5,5.0,4,4,5,5,4,4,5,5,5.0,6,5,4,5,6,6,5,6,5.5
Harper,Richardson,Female,2010-03-13,Paula Richardson,Chicago,789 Oak St,harper.richardson@example.com,paula.richardson@example.com,group_d,3,6,5,5,5,6,4,5,5.0,6,6,6,6,4,4,6,5,5.5,6,3,6,5,6,3,5,5,5.0,5,6,5,6,4,6,5,5,5.5,5,6,3,5,6,4,4,5,5.0,4,6,4,5,3,5,6,5,5.0,5,6,5,6,5,5,3,5,5.5,4,6,6,6,6,6,6,6,6.0,4,3,5,4,6,4,5,5,4.5,3,5,6,5,4,6,4,5,5.0
Henry,Hughes,Male,2010-12-09,Phillip Hughes,Seattle,567 Oak St,henry.hughes@example.com,phillip.hughes@example.com,group_d,5,5,4,5,4,3,6,5,5.0,4,3,6,5,4,3,6,5,5.0,3,3,5,4,5,5,3,5,4.5,5,5,3,5,3,5,6,5,5.0,4,5,5,5,6,6,3,5,5.0,5,5,3,5,4,5,6,5,5.0,5,3,3,4,4,4,6,5,4.5,6,4,3,5,4,4,6,5,5.0,3,5,6,5,3,4,5,4,4.5,4,5,3,4,4,6,4,5,4.5
Isaac,Adams,Male,2010-01-08,Patrick Adams,Boston,890 Maple St,isaac.adams@example.com,patrick.adams@example.com,group_d,4,6,3,5,3,4,4,4,4.5,3,4,6,5,3,6,4,5,5.0,6,5,4,5,4,3,6,5,5.0,6,4,6,6,5,3,6,5,5.5,3,6,4,5,4,4,4,4,4.5,6,3,5,5,6,3,6,5,5.0,4,6,3,5,6,6,6,6,5.5,4,5,3,4,4,4,5,5,4.5,6,4,4,5,5,5,3,5,5.0,5,6,5,6,3,5,3,4,5.0
Jackson,Foster,Male,2010-01-19,Edward Foster,New York,123 Main St,jackson.foster@example.com,edward.foster@example.com,group_d,4,3,3,4,3,5,5,5,4.5,4,3,4,4,3,4,5,4,4.0,6,6,5,6,3,5,6,5,5.5,4,4,6,5,4,4,5,5,5.0,5,3,6,5,6,4,3,5,5.0,4,3,5,4,4,6,3,5,4.5,6,4,3,5,6,6,6,6,5.5,5,4,6,5,5,5,5,5,5.0,6,3,3,4,5,5,4,5,4.5,5,4,6,5,5,4,3,4,4.5
Jayden,Bell,Male,2010-07-11,Gerald Bell,San Antonio,012 Walnut St,jayden.bell@example.com,gerald.bell@example.com,group_d,5,4,4,5,5,5,5,5,5.0,4,5,5,5,5,3,5,5,5.0,3,3,5,4,3,3,4,4,4.0,4,3,4,4,4,4,3,4,4.0,6,5,4,5,5,5,3,5,5.0,4,5,4,5,3,5,4,4,4.5,3,5,4,4,6,3,5,5,4.5,3,3,3,3,3,5,3,4,3.5,5,5,5,5,3,3,3,3,4.0,3,6,5,5,4,6,6,6,5.5
John,Ward,Male,2010-08-28,Lawrence Ward,San Diego,345 Birch St,john.ward@example.com,lawrence.ward@example.com,group_d,4,3,4,4,3,4,3,4,4.0,4,5,6,5,3,6,6,5,5.0,4,3,5,4,3,3,3,3,3.5,5,4,4,5,6,6,5,6,5.5,3,4,5,4,3,4,3,4,4.0,3,4,4,4,6,3,6,5,4.5,5,3,6,5,6,3,4,5,5.0,6,4,5,5,5,3,6,5,5.0,5,3,4,4,5,4,6,5,4.5,3,5,6,5,3,5,3,4,4.5
Layla,Thompson,Female,2010-09-22,Evelyn Thompson,Dallas,678 Spruce St,layla.thompson@example.com,evelyn.thompson@example.com,group_d,6,6,5,6,6,5,5,6,6.0,6,3,5,5,5,4,4,5,5.0,6,6,3,5,6,6,3,5,5.0,3,6,6,5,4,6,5,5,5.0,5,6,4,5,6,6,4,6,5.5,3,3,3,3,5,4,5,5,4.0,6,5,4,5,3,4,4,4,4.5,5,5,6,6,6,5,3,5,5.5,4,6,6,6,6,6,6,6,6.0,3,6,4,5,4,3,3,4,4.5
Luke,Ramirez,Male,2010-11-15,Wayne Ramirez,San Francisco,234 Pine St,luke.ramirez@example.com,wayne.ramirez@example.com,group_d,6,4,3,5,6,3,5,5,5.0,3,6,3,4,4,6,4,5,4.5,3,5,3,4,4,3,5,4,4.0,3,5,3,4,3,4,5,4,4.0,6,6,6,6,6,6,4,6,6.0,6,3,4,5,3,6,5,5,5.0,5,6,3,5,5,4,6,5,5.0,6,6,3,5,6,6,6,6,5.5,6,3,6,5,3,3,6,4,4.5,5,4,4,5,5,6,4,5,5.0
Madison,Taylor,Female,2010-12-25,Martha Taylor,Seattle,567 Oak St,madison.taylor@example.com,martha.taylor@example.com,group_d,5,6,5,6,3,3,4,4,5.0,6,6,4,6,3,4,3,4,5.0,5,6,3,5,3,6,5,5,5.0,5,4,3,4,3,5,3,4,4.0,3,5,6,5,4,6,3,5,5.0,4,4,6,5,3,5,6,5,5.0,6,3,5,5,4,6,3,5,5.0,3,6,6,5,6,6,5,6,5.5,5,5,4,5,6,5,5,6,5.5,5,5,6,6,5,4,6,5,5.5
Mia,Butler,Female,2010-01-25,Louise Butler,New York,123 Main St,mia.butler@example.com,louise.butler@example.com,group_d,3,4,3,4,4,3,5,4,4.0,4,3,5,4,4,6,5,5,4.5,4,6,4,5,5,4,4,5,5.0,6,4,5,5,5,5,4,5,5.0,6,4,3,5,3,3,5,4,4.5,3,4,3,4,6,4,3,5,4.5,4,6,3,5,4,3,5,4,4.5,4,3,3,4,5,4,6,5,4.5,3,6,3,4,6,3,6,5,4.5,4,3,4,4,5,6,5,6,5.0
Owen,Gray,Male,2010-09-14,Norman Gray,Dallas,678 Spruce St,owen.gray@example.com,norman.gray@example.com,group_d,6,6,6,6,4,5,6,5,5.5,3,3,3,3,5,5,6,6,4.5,6,3,4,5,3,5,5,5,5.0,4,3,4,4,6,5,3,5,4.5,3,6,4,5,6,3,3,4,4.5,6,4,4,5,5,6,6,6,5.5,4,6,3,5,6,4,5,5,5.0,4,4,3,4,3,3,5,4,4.0,6,6,6,6,3,3,5,4,5.0,3,6,5,5,5,5,3,5,5.0
Samuel,Lee,Male,2010-02-24,Steven Lee,Los Angeles,456 Elm St,samuel.lee@example.com,steven.lee@example.com,group_d,5,3,4,4,6,5,5,6,5.0,3,3,3,3,4,3,3,4,3.5,6,3,5,5,4,5,5,5,5.0,3,5,3,4,3,4,3,4,4.0,4,4,3,4,4,6,5,5,4.5,6,5,5,6,5,5,4,5,5.5,4,6,3,5,3,3,4,4,4.5,3,3,5,4,5,3,3,4,4.0,3,4,3,4,4,4,3,4,4.0,5,6,6,6,5,5,5,5,5.5
Scarlett,Martinez,Female,2010-06-21,Doris Martinez,Philadelphia,890 Cedar St,scarlett.martinez@example.com,doris.martinez@example.com,group_d,3,6,5,5,4,3,3,4,4.5,3,6,3,4,6,5,5,6,5.0,5,3,6,5,5,3,5,5,5.0,6,6,3,5,4,4,6,5,5.0,5,3,4,4,6,5,6,6,5.0,5,4,6,5,4,5,4,5,5.0,3,6,4,5,3,6,4,5,5.0,4,6,4,5,5,4,6,5,5.0,6,4,6,6,6,3,5,5,5.5,3,4,5,4,6,5,4,5,4.5
Sebastian,Cooper,Male,2010-03-14,Ronald Cooper,Chicago,789 Oak St,sebastian.cooper@example.com,ronald.cooper@example.com,group_d,6,6,6,6,4,6,3,5,5.5,3,4,4,4,3,3,6,4,4.0,4,6,5,5,5,5,5,5,5.0,6,5,5,6,5,4,4,5,5.5,4,4,5,5,6,4,5,5,5.0,5,5,4,5,3,5,5,5,5.0,6,3,4,5,4,6,5,5,5.0,5,4,4,5,4,4,5,5,5.0,4,3,6,5,3,3,3,3,4.0,3,6,6,5,6,5,5,6,5.5
Victoria,Brown,Female,2010-10-27,Beverly Brown,Austin,901 Elm St,victoria.brown@example.com,beverly.brown@example.com,group_d,4,5,4,5,3,4,4,4,4.5,4,5,6,5,4,6,3,5,5.0,6,3,6,5,4,4,4,4,4.5,4,5,5,5,3,5,5,5,5.0,5,6,3,5,6,3,6,5,5.0,5,5,3,5,6,4,6,6,5.5,5,6,3,5,3,5,4,4,4.5,3,3,4,4,3,6,6,5,4.5,5,4,6,5,4,4,3,4,4.5,5,6,6,6,5,5,6,6,6.0
Wyatt,James,Male,2010-06-18,Roy James,Philadelphia,890 Cedar St,wyatt.james@example.com,roy.james@example.com,group_d,5,3,4,4,3,3,5,4,4.0,4,6,4,5,4,4,4,4,4.5,5,5,6,6,3,6,4,5,5.5,4,6,4,5,3,6,4,5,5.0,5,6,4,5,3,4,5,4,4.5,5,5,4,5,4,6,4,5,5.0,4,5,5,5,6,6,3,5,5.0,6,3,6,5,6,6,6,6,5.5,5,6,3,5,5,4,5,5,5.0,5,4,6,5,4,6,4,5,5.0
,,,,,,,,,,3,3,6,4,3,5,3,4,4.0,6,6,6,6,5,4,5,5,5.5,3,6,5,5,3,5,4,4,4.5,6,4,6,6,6,6,5,6,6.0,6,4,3,5,3,3,4,4,4.5,6,4,4,5,3,3,3,3,4.0,6,5,5,6,4,5,5,5,5.5,6,4,4,5,6,4,3,5,5.0,6,5,4,5,4,4,3,4,4.5,3,4,3,4,6,3,5,5,4.5
